{
	"calibDataSource": "j:\/calibration\/170307_calib\/full\/output_norm",
	"cameras": [
		{
			"name": "01_01",
			"type": "vga",
			"resolution": [640,480],
			"panel": 1,
			"node": 1,
			"K": [
				[746.596,0,374.249],
				[0,746.78,226.169],
				[0,0,1]
			],
			"distCoef": [-0.335294,0.120592,-0.000753466,0.000957907,-0.0353387],
			"R": [
				[0.9613857701,0.02831734896,-0.2737435458],
				[-0.05035567884,0.9959996126,-0.07381786636],
				[0.2705581393,0.08475198837,0.9589657938]
			],
			"t": [
				[-49.39261388],
				[142.9916164],
				[283.7582201]
			]
		},
		{
			"name": "01_02",
			"type": "vga",
			"resolution": [640,480],
			"panel": 1,
			"node": 2,
			"K": [
				[746.952,0,368.533],
				[0,747.12,227.076],
				[0,0,1]
			],
			"distCoef": [-0.353242,0.220057,-0.000611225,0.000151904,-0.195698],
			"R": [
				[0.9720814034,-0.01702471951,-0.2340254347],
				[0.006092320213,0.9988593824,-0.04735839782],
				[0.2345647646,0.04461045993,0.9710763503]
			],
			"t": [
				[-63.82322828],
				[141.2467535],
				[280.0191366]
			]
		},
		{
			"name": "01_03",
			"type": "vga",
			"resolution": [640,480],
			"panel": 1,
			"node": 3,
			"K": [
				[747.586,0,378.754],
				[0,747.587,239.527],
				[0,0,1]
			],
			"distCoef": [-0.33852,0.120199,-0.000900771,0.000983381,-0.0152865],
			"R": [
				[0.966749826,0.05591042939,-0.2495371672],
				[-0.07056785891,0.9962441699,-0.05017699823],
				[0.2457945305,0.06611790792,0.9670643572]
			],
			"t": [
				[-52.4539694],
				[118.3343284],
				[282.6290147]
			]
		},
		{
			"name": "01_04",
			"type": "vga",
			"resolution": [640,480],
			"panel": 1,
			"node": 4,
			"K": [
				[748.975,0,367.606],
				[0,748.921,235.266],
				[0,0,1]
			],
			"distCoef": [-0.341874,0.14614,-0.00113833,-0.000724882,-0.0652053],
			"R": [
				[0.9660994765,0.08551816994,-0.2435948359],
				[-0.1113169563,0.9893133001,-0.0941686231],
				[0.2329384826,0.1180924932,0.9652946837]
			],
			"t": [
				[-27.47508698],
				[95.89173975],
				[288.6944355]
			]
		},
		{
			"name": "01_05",
			"type": "vga",
			"resolution": [640,480],
			"panel": 1,
			"node": 5,
			"K": [
				[743.781,0,353.328],
				[0,743.761,210.447],
				[0,0,1]
			],
			"distCoef": [-0.316915,0.0100285,-0.000305651,-0.000583734,0.138679],
			"R": [
				[0.9719520877,0.05062933188,-0.2296645595],
				[-0.07256259371,0.9934669742,-0.08807974267],
				[0.2237047365,0.1022743459,0.9692760954]
			],
			"t": [
				[-24.89379998],
				[77.44955127],
				[286.6484733]
			]
		},
		{
			"name": "01_06",
			"type": "vga",
			"resolution": [640,480],
			"panel": 1,
			"node": 6,
			"K": [
				[744.563,0,372.216],
				[0,744.793,242.475],
				[0,0,1]
			],
			"distCoef": [-0.324565,0.0385173,0.00118762,-0.000254027,0.114816],
			"R": [
				[0.9680676075,0.07442443864,-0.2393869468],
				[-0.09398540035,0.9930137134,-0.07134780613],
				[0.2324045005,0.09156837801,0.9682992204]
			],
			"t": [
				[-5.25693377],
				[72.91219325],
				[285.7016487]
			]
		},
		{
			"name": "01_07",
			"type": "vga",
			"resolution": [640,480],
			"panel": 1,
			"node": 7,
			"K": [
				[749.385,0,379.539],
				[0,749.363,229.912],
				[0,0,1]
			],
			"distCoef": [-0.353633,0.207113,-0.000456362,0.0012075,-0.135542],
			"R": [
				[0.9672302522,-0.02976700854,-0.2521498848],
				[0.01743250535,0.9985459234,-0.05101124077],
				[0.2533016916,0.04494401106,0.9663427388]
			],
			"t": [
				[-2.435487886],
				[99.00775522],
				[281.3436574]
			]
		},
		{
			"name": "01_08",
			"type": "vga",
			"resolution": [640,480],
			"panel": 1,
			"node": 8,
			"K": [
				[746.567,0,361.895],
				[0,746.778,218.301],
				[0,0,1]
			],
			"distCoef": [-0.33814,0.127212,-0.000516202,-0.00124349,-0.03905],
			"R": [
				[0.9649588124,0.06451215146,-0.254347543],
				[-0.07824885914,0.9959511393,-0.04425431164],
				[0.2504627844,0.06260599307,0.9660998309]
			],
			"t": [
				[27.77459895],
				[86.524356],
				[283.6337075]
			]
		},
		{
			"name": "01_09",
			"type": "vga",
			"resolution": [640,480],
			"panel": 1,
			"node": 9,
			"K": [
				[747.195,0,338.631],
				[0,747.063,236.883],
				[0,0,1]
			],
			"distCoef": [-0.323322,0.0567262,0.000804105,-0.000162603,0.0839401],
			"R": [
				[0.9648190881,0.07245971915,-0.2527324995],
				[-0.09001190766,0.9942165145,-0.05857797187],
				[0.2470262814,0.07926607981,0.9657613085]
			],
			"t": [
				[46.18630852],
				[94.79508808],
				[284.9707094]
			]
		},
		{
			"name": "01_10",
			"type": "vga",
			"resolution": [640,480],
			"panel": 1,
			"node": 10,
			"K": [
				[749.293,0,377.867],
				[0,749.566,228.829],
				[0,0,1]
			],
			"distCoef": [-0.363412,0.273643,-0.00109362,0.000797502,-0.255224],
			"R": [
				[0.9661620941,-0.001744046684,-0.2579297699],
				[-0.009543375299,0.9990507508,-0.04250319231],
				[0.2577590578,0.04352649388,0.9652283214]
			],
			"t": [
				[31.73160868],
				[129.5038537],
				[281.0338732]
			]
		},
		{
			"name": "01_11",
			"type": "vga",
			"resolution": [640,480],
			"panel": 1,
			"node": 11,
			"K": [
				[748.053,0,363.965],
				[0,747.629,222.506],
				[0,0,1]
			],
			"distCoef": [-0.354368,0.199154,0.000541569,0.00137112,-0.117681],
			"R": [
				[0.9866676464,-0.01341720276,-0.1621941254],
				[0.005111529307,0.9986590125,-0.0515174631],
				[0.1626678453,0.05000155404,0.9854131198]
			],
			"t": [
				[72.27560001],
				[143.2247283],
				[275.9728351]
			]
		},
		{
			"name": "01_12",
			"type": "vga",
			"resolution": [640,480],
			"panel": 1,
			"node": 12,
			"K": [
				[746.781,0,359.501],
				[0,746.742,226.944],
				[0,0,1]
			],
			"distCoef": [-0.348687,0.20029,-0.000706473,-0.00197391,-0.177874],
			"R": [
				[0.9583653924,0.08500340243,-0.2725989658],
				[-0.09729218956,0.9947458187,-0.0318588453],
				[0.2684585711,0.05705416503,0.9616001341]
			],
			"t": [
				[55.69364659],
				[157.1252718],
				[282.9792245]
			]
		},
		{
			"name": "01_13",
			"type": "vga",
			"resolution": [640,480],
			"panel": 1,
			"node": 13,
			"K": [
				[745.492,0,340.373],
				[0,745.474,216.212],
				[0,0,1]
			],
			"distCoef": [-0.337282,0.138682,-0.000125414,-0.00113617,-0.0928531],
			"R": [
				[0.9722156171,-0.06277758444,-0.2255122365],
				[0.03857643379,0.9931642622,-0.1101662701],
				[0.2308866663,0.09840591038,0.9679915413]
			],
			"t": [
				[21.50435085],
				[153.9709769],
				[287.803034]
			]
		},
		{
			"name": "01_14",
			"type": "vga",
			"resolution": [640,480],
			"panel": 1,
			"node": 14,
			"K": [
				[748.067,0,364.364],
				[0,748.317,235.972],
				[0,0,1]
			],
			"distCoef": [-0.364135,0.277816,-0.000686446,2.05418e-05,-0.276847],
			"R": [
				[0.9638287421,0.006608946599,-0.266440383],
				[-0.02486006507,0.9975634572,-0.06518531999],
				[0.2653603834,0.06945121023,0.961644631]
			],
			"t": [
				[20.5057809],
				[181.2800327],
				[284.158364]
			]
		},
		{
			"name": "01_15",
			"type": "vga",
			"resolution": [640,480],
			"panel": 1,
			"node": 15,
			"K": [
				[746.961,0,366.854],
				[0,747.033,217.791],
				[0,0,1]
			],
			"distCoef": [-0.341425,0.136498,-0.00171477,-0.000914703,-0.0571943],
			"R": [
				[0.9598974733,0.03512077263,-0.2781427189],
				[-0.06231185244,0.9940331133,-0.08952878169],
				[0.2733387528,0.1032700394,0.9563583142]
			],
			"t": [
				[2.284940649],
				[173.1454575],
				[289.5557422]
			]
		},
		{
			"name": "01_16",
			"type": "vga",
			"resolution": [640,480],
			"panel": 1,
			"node": 16,
			"K": [
				[749.746,0,372.409],
				[0,749.626,229.167],
				[0,0,1]
			],
			"distCoef": [-0.377613,0.347136,0.00118295,0.000235904,-0.377057],
			"R": [
				[0.9679348211,0.0561100378,-0.2448547442],
				[-0.07136511384,0.9959942393,-0.05387481597],
				[0.2408509967,0.06962139705,0.9680618051]
			],
			"t": [
				[-2.22051117],
				[172.5886864],
				[283.3935598]
			]
		},
		{
			"name": "01_17",
			"type": "vga",
			"resolution": [640,480],
			"panel": 1,
			"node": 17,
			"K": [
				[749.988,0,371.598],
				[0,750.401,234.434],
				[0,0,1]
			],
			"distCoef": [-0.367119,0.279151,-0.00102731,0.00227482,-0.235277],
			"R": [
				[0.9648842313,0.02467345429,-0.2615141313],
				[-0.04502784628,0.9963784453,-0.07212826598],
				[0.2587873901,0.08137084458,0.9625008428]
			],
			"t": [
				[-33.21707539],
				[172.7199884],
				[284.7470324]
			]
		},
		{
			"name": "01_18",
			"type": "vga",
			"resolution": [640,480],
			"panel": 1,
			"node": 18,
			"K": [
				[744.953,0,363.942],
				[0,745.175,236.778],
				[0,0,1]
			],
			"distCoef": [-0.323665,0.0527208,-0.000999909,-0.000980477,0.0801818],
			"R": [
				[0.9520506496,0.06011132002,-0.2999769821],
				[-0.07253129039,0.9969018061,-0.0304302636],
				[0.2972183919,0.05072886982,0.9534609637]
			],
			"t": [
				[-56.26823542],
				[175.1349354],
				[276.4111346]
			]
		},
		{
			"name": "01_19",
			"type": "vga",
			"resolution": [640,480],
			"panel": 1,
			"node": 19,
			"K": [
				[744.097,0,364.64],
				[0,744.25,220.351],
				[0,0,1]
			],
			"distCoef": [-0.322004,0.0440383,-0.000886926,-0.000385594,0.0931529],
			"R": [
				[0.9678100805,0.05271064412,-0.2461000531],
				[-0.06580152168,0.9968052572,-0.04527072905],
				[0.2429275775,0.0600072259,0.9681866168]
			],
			"t": [
				[-17.89858875],
				[144.0907313],
				[281.9335075]
			]
		},
		{
			"name": "01_20",
			"type": "vga",
			"resolution": [640,480],
			"panel": 1,
			"node": 20,
			"K": [
				[745.659,0,343.532],
				[0,745.76,245.713],
				[0,0,1]
			],
			"distCoef": [-0.339994,0.147402,0.00102458,-0.00107401,-0.0942556],
			"R": [
				[0.9716032405,0.03458621443,-0.2340746395],
				[-0.04387903589,0.9984372381,-0.03460797405],
				[0.2325118778,0.04389618925,0.9716024656]
			],
			"t": [
				[-13.37926234],
				[127.2810845],
				[280.4472036]
			]
		},
		{
			"name": "01_21",
			"type": "vga",
			"resolution": [640,480],
			"panel": 1,
			"node": 21,
			"K": [
				[743.095,0,365.138],
				[0,743.029,221.96],
				[0,0,1]
			],
			"distCoef": [-0.314829,0.00260536,-0.00098511,-5.20778e-06,0.167341],
			"R": [
				[0.9647806188,0.03995557758,-0.2600036719],
				[-0.04912156899,0.9983760849,-0.02884899493],
				[0.2584287698,0.04060473949,0.9651765777]
			],
			"t": [
				[-0.2242932727],
				[121.6443457],
				[280.1435575]
			]
		},
		{
			"name": "01_22",
			"type": "vga",
			"resolution": [640,480],
			"panel": 1,
			"node": 22,
			"K": [
				[745.777,0,362.524],
				[0,746.004,226.867],
				[0,0,1]
			],
			"distCoef": [-0.351487,0.213723,-0.00101544,-0.000403273,-0.186297],
			"R": [
				[0.9624587331,-0.00783014186,-0.2713150861],
				[-0.003695998541,0.9991130646,-0.04194548585],
				[0.2714028862,0.04137357933,0.9615761542]
			],
			"t": [
				[6.174871045],
				[134.8120306],
				[280.417823]
			]
		},
		{
			"name": "01_23",
			"type": "vga",
			"resolution": [640,480],
			"panel": 1,
			"node": 23,
			"K": [
				[746.405,0,358.32],
				[0,746.409,223.71],
				[0,0,1]
			],
			"distCoef": [-0.335161,0.111585,-0.000630076,0.000703884,0.00385764],
			"R": [
				[0.9554340808,0.01257300968,-0.2949366657],
				[-0.03777802854,0.996085338,-0.0799175827],
				[0.2927772838,0.08749810794,0.9521688628]
			],
			"t": [
				[-0.9592194516],
				[142.6713127],
				[286.4891388]
			]
		},
		{
			"name": "01_24",
			"type": "vga",
			"resolution": [640,480],
			"panel": 1,
			"node": 24,
			"K": [
				[745.46,0,369.32],
				[0,745.334,244.636],
				[0,0,1]
			],
			"distCoef": [-0.331509,0.092766,-8.74284e-05,-0.000334735,0.0157734],
			"R": [
				[0.9622889341,0.05367093913,-0.2666822782],
				[-0.07508884118,0.9946625021,-0.07076844576],
				[0.2614606532,0.08812455547,0.9611828076]
			],
			"t": [
				[-5.900035101],
				[147.1641399],
				[285.9249463]
			]
		},
		{
			"name": "02_01",
			"type": "vga",
			"resolution": [640,480],
			"panel": 2,
			"node": 1,
			"K": [
				[747.783,0,375],
				[0,748.013,234.295],
				[0,0,1]
			],
			"distCoef": [-0.327747,0.0700081,1.97665e-05,-0.000318216,0.0432792],
			"R": [
				[0.9770149678,0.04740108735,0.2078338029],
				[0.001734765052,0.9731638961,-0.2301065447],
				[-0.2131636538,0.2251780812,0.9507134628]
			],
			"t": [
				[1.02347804],
				[174.8919541],
				[304.9584141]
			]
		},
		{
			"name": "02_02",
			"type": "vga",
			"resolution": [640,480],
			"panel": 2,
			"node": 2,
			"K": [
				[748.953,0,367.314],
				[0,749.097,211.639],
				[0,0,1]
			],
			"distCoef": [-0.354932,0.219439,0.000680704,-0.0004845,-0.19259],
			"R": [
				[0.9812571698,-0.05697032804,0.1840889687],
				[0.09283535563,0.976891029,-0.1925240616],
				[-0.1688667031,0.2060055807,0.963870187]
			],
			"t": [
				[-48.39346081],
				[190.5073411],
				[299.8370043]
			]
		},
		{
			"name": "02_03",
			"type": "vga",
			"resolution": [640,480],
			"panel": 2,
			"node": 3,
			"K": [
				[746.34,0,353.056],
				[0,746.499,252.231],
				[0,0,1]
			],
			"distCoef": [-0.329841,0.0626963,-0.0010263,-0.00140324,0.0757229],
			"R": [
				[0.9752923357,0.1278286717,0.1801796064],
				[-0.076363942,0.9603879878,-0.2679989949],
				[-0.2073002852,0.2476181407,0.9464205451]
			],
			"t": [
				[-20.36500804],
				[169.0995112],
				[309.0326596]
			]
		},
		{
			"name": "02_04",
			"type": "vga",
			"resolution": [640,480],
			"panel": 2,
			"node": 4,
			"K": [
				[747,0,381.261],
				[0,747.102,224.765],
				[0,0,1]
			],
			"distCoef": [-0.337407,0.123476,-0.000828545,0.000574177,-0.028513],
			"R": [
				[0.9790493349,0.0749223994,0.1893384112],
				[-0.02663716143,0.9689813786,-0.2456940162],
				[-0.2018733799,0.2355031253,0.9506762942]
			],
			"t": [
				[-30.01942843],
				[150.7173921],
				[306.8017936]
			]
		},
		{
			"name": "02_05",
			"type": "vga",
			"resolution": [640,480],
			"panel": 2,
			"node": 5,
			"K": [
				[744.682,0,378.478],
				[0,744.56,244.544],
				[0,0,1]
			],
			"distCoef": [-0.330858,0.0765152,-0.000178236,-0.00101213,0.0429265],
			"R": [
				[0.9853839661,0.05733645052,0.1604087615],
				[-0.01547538682,0.9678899227,-0.2508976084],
				[-0.1696436021,0.2447480929,0.9546305146]
			],
			"t": [
				[-59.50652795],
				[135.5022933],
				[306.0844644]
			]
		},
		{
			"name": "02_06",
			"type": "vga",
			"resolution": [640,480],
			"panel": 2,
			"node": 6,
			"K": [
				[744.401,0,351.466],
				[0,744.661,229.398],
				[0,0,1]
			],
			"distCoef": [-0.31191,-0.0145346,-0.000570668,-6.49565e-05,0.185129],
			"R": [
				[0.9806036047,0.06304350606,0.1855857935],
				[-0.01012526513,0.9618887671,-0.2732535065],
				[-0.1957397492,0.2660742681,0.9438699245]
			],
			"t": [
				[-50.43445815],
				[106.7743081],
				[310.1448255]
			]
		},
		{
			"name": "02_07",
			"type": "vga",
			"resolution": [640,480],
			"panel": 2,
			"node": 7,
			"K": [
				[747.283,0,375.87],
				[0,747.262,217.817],
				[0,0,1]
			],
			"distCoef": [-0.335515,0.119119,-0.000663097,0.000301717,-0.0191716],
			"R": [
				[0.9771612611,0.09751611081,0.188802749],
				[-0.05104094259,0.9701845685,-0.2369319001],
				[-0.206278191,0.221884004,0.9530040906]
			],
			"t": [
				[-24.52824426],
				[111.0111677],
				[305.7028713]
			]
		},
		{
			"name": "02_08",
			"type": "vga",
			"resolution": [640,480],
			"panel": 2,
			"node": 8,
			"K": [
				[747.949,0,347.309],
				[0,748.075,231.513],
				[0,0,1]
			],
			"distCoef": [-0.345369,0.166546,0.00110717,-0.00182053,-0.0972642],
			"R": [
				[0.9734207264,0.04489730152,0.2245803236],
				[0.005811599327,0.9754383441,-0.2201959633],
				[-0.2289504635,0.2156484854,0.9492509763]
			],
			"t": [
				[-20.4071585],
				[89.71995157],
				[306.4521656]
			]
		},
		{
			"name": "02_09",
			"type": "vga",
			"resolution": [640,480],
			"panel": 2,
			"node": 9,
			"K": [
				[747.079,0,344.214],
				[0,747.252,222.677],
				[0,0,1]
			],
			"distCoef": [-0.32633,0.0690542,0.000473716,0.00042801,0.0540082],
			"R": [
				[0.9704776688,0.02568717757,0.2398192304],
				[0.01728382021,0.9843496595,-0.1753767868],
				[-0.2405709125,0.1743442476,0.9548453903]
			],
			"t": [
				[0.9030976862],
				[93.60646198],
				[302.225704]
			]
		},
		{
			"name": "02_10",
			"type": "vga",
			"resolution": [640,480],
			"panel": 2,
			"node": 10,
			"K": [
				[744.378,0,345.451],
				[0,744.371,231.98],
				[0,0,1]
			],
			"distCoef": [-0.312459,-0.0105128,0.000377847,-0.000163396,0.172202],
			"R": [
				[0.9838642147,0.04776852045,0.1724220852],
				[-0.008770971633,0.975418567,-0.2201855789],
				[-0.1787016426,0.2151204024,0.9600983988]
			],
			"t": [
				[2.499840639],
				[94.64683556],
				[305.2258403]
			]
		},
		{
			"name": "02_11",
			"type": "vga",
			"resolution": [640,480],
			"panel": 2,
			"node": 11,
			"K": [
				[749.513,0,373.324],
				[0,749.8,220.261],
				[0,0,1]
			],
			"distCoef": [-0.339668,0.128312,0.000959947,0.000567101,-0.034068],
			"R": [
				[0.9765885465,-0.03990037518,0.2113829956],
				[0.08405079593,0.9753108831,-0.2042159273],
				[-0.198015844,0.2172018447,0.9558310961]
			],
			"t": [
				[19.89305187],
				[87.23885841],
				[305.5670742]
			]
		},
		{
			"name": "02_12",
			"type": "vga",
			"resolution": [640,480],
			"panel": 2,
			"node": 12,
			"K": [
				[747.069,0,387.073],
				[0,747.047,224.391],
				[0,0,1]
			],
			"distCoef": [-0.341371,0.131454,-0.000431673,-0.000124088,-0.0306933],
			"R": [
				[0.9775892314,-0.05341371735,0.2036326828],
				[0.09471905024,0.9754398414,-0.1988602959],
				[-0.1880095642,0.2136915781,0.9586387814]
			],
			"t": [
				[32.91932392],
				[101.2004068],
				[305.4375624]
			]
		},
		{
			"name": "02_13",
			"type": "vga",
			"resolution": [640,480],
			"panel": 2,
			"node": 13,
			"K": [
				[747.619,0,386.513],
				[0,747.492,241.786],
				[0,0,1]
			],
			"distCoef": [-0.33595,0.102243,0.000706043,7.49752e-05,0.00928528],
			"R": [
				[0.9808510225,0.07258271743,0.1807291364],
				[-0.03370073795,0.977214952,-0.2095595332],
				[-0.1918216147,0.1994559771,0.960948376]
			],
			"t": [
				[41.42063263],
				[120.9345822],
				[302.7509975]
			]
		},
		{
			"name": "02_14",
			"type": "vga",
			"resolution": [640,480],
			"panel": 2,
			"node": 14,
			"K": [
				[746.135,0,358.583],
				[0,745.951,220.936],
				[0,0,1]
			],
			"distCoef": [-0.334409,0.104886,0.000636083,0.000524852,0.0115236],
			"R": [
				[0.9646427061,-0.01376012918,0.2632016496],
				[0.06613800516,0.9793204769,-0.191199288],
				[-0.2551278381,0.2018466307,0.9456044225]
			],
			"t": [
				[66.06489573],
				[136.1667217],
				[299.0696574]
			]
		},
		{
			"name": "02_15",
			"type": "vga",
			"resolution": [640,480],
			"panel": 2,
			"node": 15,
			"K": [
				[748.325,0,374.701],
				[0,748.118,232.717],
				[0,0,1]
			],
			"distCoef": [-0.357235,0.218914,0.000788144,0.00152271,-0.153567],
			"R": [
				[0.9743672586,-0.03017320732,0.2229305337],
				[0.07991724487,0.9727527276,-0.217635854],
				[-0.210289513,0.2298732445,0.9502297681]
			],
			"t": [
				[43.2039394],
				[146.5017079],
				[305.6234995]
			]
		},
		{
			"name": "02_16",
			"type": "vga",
			"resolution": [640,480],
			"panel": 2,
			"node": 16,
			"K": [
				[749.825,0,368.995],
				[0,749.667,213.337],
				[0,0,1]
			],
			"distCoef": [-0.357846,0.231907,-0.00133412,0.000278519,-0.213535],
			"R": [
				[0.9834858062,0.01209498318,0.1805806754],
				[0.03118811765,0.971512242,-0.2349282124],
				[-0.1782777896,0.2366805337,0.9550912808]
			],
			"t": [
				[23.38801929],
				[153.3134923],
				[307.7362827]
			]
		},
		{
			"name": "02_17",
			"type": "vga",
			"resolution": [640,480],
			"panel": 2,
			"node": 17,
			"K": [
				[743.917,0,372.169],
				[0,744.332,259.277],
				[0,0,1]
			],
			"distCoef": [-0.303802,-0.0744843,-0.000116056,-0.000606224,0.274895],
			"R": [
				[0.9710839057,0.05353406258,0.2326588752],
				[-0.003435159401,0.977566895,-0.2105971641],
				[-0.238713736,0.2037082964,0.9494833765]
			],
			"t": [
				[40.95763973],
				[181.8283532],
				[299.9877451]
			]
		},
		{
			"name": "02_18",
			"type": "vga",
			"resolution": [640,480],
			"panel": 2,
			"node": 18,
			"K": [
				[746.881,0,379.587],
				[0,747.401,215.113],
				[0,0,1]
			],
			"distCoef": [-0.313173,-0.00274296,-0.00122338,-0.00107692,0.138651],
			"R": [
				[0.9753599995,0.01126491154,0.2203315074],
				[0.02223319308,0.9885924295,-0.1489654105],
				[-0.2194961424,0.1501935757,0.9639830565]
			],
			"t": [
				[11.08153494],
				[212.0780724],
				[289.1894042]
			]
		},
		{
			"name": "02_19",
			"type": "vga",
			"resolution": [640,480],
			"panel": 2,
			"node": 19,
			"K": [
				[745.843,0,379.279],
				[0,745.814,232.912],
				[0,0,1]
			],
			"distCoef": [-0.325241,0.0723115,-2.97192e-05,0.000144824,0.0384834],
			"R": [
				[0.9805862259,0.05640843781,0.1877997384],
				[-0.01435097718,0.9758063611,-0.2181650637],
				[-0.1955625297,0.2112345467,0.9576717931]
			],
			"t": [
				[0.6508353897],
				[159.0706563],
				[303.0144933]
			]
		},
		{
			"name": "02_20",
			"type": "vga",
			"resolution": [640,480],
			"panel": 2,
			"node": 20,
			"K": [
				[747.035,0,392.548],
				[0,747.054,227.491],
				[0,0,1]
			],
			"distCoef": [-0.332538,0.114105,-0.000134992,0.00129476,-0.010592],
			"R": [
				[0.9824526054,0.03037888161,0.1840217423],
				[0.01559752841,0.9698079129,-0.243370765],
				[-0.1858590735,0.2419705265,0.9523164753]
			],
			"t": [
				[-22.99488879],
				[136.7903819],
				[307.4926739]
			]
		},
		{
			"name": "02_21",
			"type": "vga",
			"resolution": [640,480],
			"panel": 2,
			"node": 21,
			"K": [
				[748.142,0,358.759],
				[0,747.984,238.103],
				[0,0,1]
			],
			"distCoef": [-0.34338,0.161321,0.000575141,0.000400763,-0.0823301],
			"R": [
				[0.9780615002,0.08988738764,0.1879254091],
				[-0.04102640243,0.9675629823,-0.2492763718],
				[-0.2042364712,0.2360977187,0.9500238582]
			],
			"t": [
				[-7.811754044],
				[118.1072719],
				[307.0421619]
			]
		},
		{
			"name": "02_22",
			"type": "vga",
			"resolution": [640,480],
			"panel": 2,
			"node": 22,
			"K": [
				[746.703,0,375.028],
				[0,746.714,247.571],
				[0,0,1]
			],
			"distCoef": [-0.329686,0.104048,0.000808489,-0.00107906,-0.0101279],
			"R": [
				[0.984108488,0.07783300868,0.1596010859],
				[-0.03760862328,0.9697859852,-0.241040939],
				[-0.1735398378,0.231208057,0.9573018119]
			],
			"t": [
				[0.4106721228],
				[110.3370707],
				[306.4542486]
			]
		},
		{
			"name": "02_23",
			"type": "vga",
			"resolution": [640,480],
			"panel": 2,
			"node": 23,
			"K": [
				[745.363,0,375.661],
				[0,745.327,236.409],
				[0,0,1]
			],
			"distCoef": [-0.335015,0.10274,0.000455234,0.000278115,0.00191084],
			"R": [
				[0.9801840938,0.006304499259,0.1979883722],
				[0.04182987834,0.9703671701,-0.2379870089],
				[-0.1936218053,0.2415529102,0.9508747489]
			],
			"t": [
				[15.52080036],
				[119.1162032],
				[307.7946609]
			]
		},
		{
			"name": "02_24",
			"type": "vga",
			"resolution": [640,480],
			"panel": 2,
			"node": 24,
			"K": [
				[749.514,0,365.961],
				[0,749.749,236.004],
				[0,0,1]
			],
			"distCoef": [-0.35634,0.233558,-0.000110822,-0.000851681,-0.220559],
			"R": [
				[0.986079063,-0.01971391527,0.1651043401],
				[0.0577562874,0.9717303784,-0.2289198176],
				[-0.155923997,0.2352688529,0.9593415836]
			],
			"t": [
				[-3.975707116],
				[141.0893168],
				[307.1883385]
			]
		},
		{
			"name": "03_01",
			"type": "vga",
			"resolution": [640,480],
			"panel": 3,
			"node": 1,
			"K": [
				[747.052,0,364.793],
				[0,747.223,222.956],
				[0,0,1]
			],
			"distCoef": [-0.349616,0.197551,-0.000694552,0.000611849,-0.154733],
			"R": [
				[0.7889330735,0.1464900215,-0.5967623306],
				[-0.32677145,0.9224792869,-0.2055538487],
				[0.5203893014,0.3571731217,0.7756431758]
			],
			"t": [
				[-14.21257883],
				[106.5936172],
				[322.2347652]
			]
		},
		{
			"name": "03_02",
			"type": "vga",
			"resolution": [640,480],
			"panel": 3,
			"node": 2,
			"K": [
				[747.338,0,367.254],
				[0,747.503,219.169],
				[0,0,1]
			],
			"distCoef": [-0.327432,0.0693754,-0.000254762,0.0012336,0.0546703],
			"R": [
				[0.7849912752,0.1235378035,-0.6070643367],
				[-0.3457503214,0.9004688428,-0.2638419571],
				[0.514048065,0.4170063239,0.7495734205]
			],
			"t": [
				[-24.0204328],
				[64.56923623],
				[327.1769234]
			]
		},
		{
			"name": "03_03",
			"type": "vga",
			"resolution": [640,480],
			"panel": 3,
			"node": 3,
			"K": [
				[749.33,0,350.854],
				[0,749.414,214.129],
				[0,0,1]
			],
			"distCoef": [-0.340121,0.130673,-0.000128004,-0.000116115,-0.0529079],
			"R": [
				[0.8067844599,0.06163475514,-0.587622321],
				[-0.2664987434,0.9255916497,-0.2688094451],
				[0.5273303092,0.3734718931,0.763178544]
			],
			"t": [
				[-7.806028176],
				[72.35655537],
				[324.1890525]
			]
		},
		{
			"name": "03_04",
			"type": "vga",
			"resolution": [640,480],
			"panel": 3,
			"node": 4,
			"K": [
				[746.43,0,376.23],
				[0,746.334,213.046],
				[0,0,1]
			],
			"distCoef": [-0.348203,0.145869,-0.000294002,0.00164886,-0.0106949],
			"R": [
				[0.8405668103,-0.03569726007,-0.5405304275],
				[-0.1935282659,0.9121875488,-0.3611934193],
				[0.5059587411,0.4082151166,0.7598461495]
			],
			"t": [
				[4.987461146],
				[74.248906],
				[327.2321521]
			]
		},
		{
			"name": "03_05",
			"type": "vga",
			"resolution": [640,480],
			"panel": 3,
			"node": 5,
			"K": [
				[748.51,0,376.716],
				[0,748.664,251.213],
				[0,0,1]
			],
			"distCoef": [-0.354883,0.189816,0.00111528,-7.13622e-05,-0.0938482],
			"R": [
				[0.8605696679,-0.05484805449,-0.5063709486],
				[-0.1767038602,0.9002857035,-0.3978208113],
				[0.4776982232,0.4318302248,0.7650667059]
			],
			"t": [
				[33.11015009],
				[61.73291617],
				[328.051992]
			]
		},
		{
			"name": "03_06",
			"type": "vga",
			"resolution": [640,480],
			"panel": 3,
			"node": 6,
			"K": [
				[746.193,0,377.968],
				[0,746.054,240.25],
				[0,0,1]
			],
			"distCoef": [-0.325318,0.0510491,-0.000958359,-0.00010824,0.0829398],
			"R": [
				[0.8769602605,-0.06504914349,-0.4761400113],
				[-0.1141042162,0.9342768672,-0.3377972221],
				[0.4668200181,0.3505643227,0.8119013033]
			],
			"t": [
				[54.32463571],
				[108.1438414],
				[318.5791436]
			]
		},
		{
			"name": "03_07",
			"type": "vga",
			"resolution": [640,480],
			"panel": 3,
			"node": 7,
			"K": [
				[746.365,0,393.749],
				[0,746.661,229.478],
				[0,0,1]
			],
			"distCoef": [-0.334475,0.103206,0.000844667,0.000764959,0.0123463],
			"R": [
				[0.8516007072,-0.03728666128,-0.5228632138],
				[-0.1508223234,0.9378582785,-0.3125291605],
				[0.5020247626,0.3450094988,0.7930571124]
			],
			"t": [
				[41.2489183],
				[128.0480083],
				[319.4641023]
			]
		},
		{
			"name": "03_08",
			"type": "vga",
			"resolution": [640,480],
			"panel": 3,
			"node": 8,
			"K": [
				[745.922,0,375.289],
				[0,745.825,233.556],
				[0,0,1]
			],
			"distCoef": [-0.329895,0.0786735,-0.000216806,-0.00127426,0.0242916],
			"R": [
				[0.8632690699,-0.08703759882,-0.4971830341],
				[-0.1241471184,0.9181461847,-0.3762912124],
				[0.4892381894,0.3865644059,0.7818017358]
			],
			"t": [
				[49.89410549],
				[133.5209214],
				[324.1553972]
			]
		},
		{
			"name": "03_09",
			"type": "vga",
			"resolution": [640,480],
			"panel": 3,
			"node": 9,
			"K": [
				[747.139,0,388.101],
				[0,747.048,217.98],
				[0,0,1]
			],
			"distCoef": [-0.336659,0.126073,0.000601193,0.00119047,-0.0282532],
			"R": [
				[0.8619607875,-0.1631761024,-0.4799970422],
				[-0.06710783927,0.9017317264,-0.4270555368],
				[0.5025138195,0.4003166911,0.7663069933]
			],
			"t": [
				[24.93140073],
				[150.4662428],
				[327.695614]
			]
		},
		{
			"name": "03_10",
			"type": "vga",
			"resolution": [640,480],
			"panel": 3,
			"node": 10,
			"K": [
				[746.178,0,374.17],
				[0,746.243,230.534],
				[0,0,1]
			],
			"distCoef": [-0.332408,0.0864914,0.00041264,0.000246941,0.0352437],
			"R": [
				[0.8433402778,-0.1062720922,-0.5267669488],
				[-0.1583958747,0.8875415403,-0.4326439195],
				[0.5135055236,0.4483037549,0.7316664681]
			],
			"t": [
				[6.777816686],
				[133.2858942],
				[336.3467812]
			]
		},
		{
			"name": "03_11",
			"type": "vga",
			"resolution": [640,480],
			"panel": 3,
			"node": 11,
			"K": [
				[747.451,0,370.226],
				[0,747.505,237.151],
				[0,0,1]
			],
			"distCoef": [-0.341384,0.146065,0.000932594,-0.00173009,-0.0677611],
			"R": [
				[0.8479502123,-0.06405093235,-0.5261918999],
				[-0.1661937695,0.9104967435,-0.3786493246],
				[0.5033488536,0.4085255905,0.7614110411]
			],
			"t": [
				[11.8804533],
				[168.3093198],
				[329.9618669]
			]
		},
		{
			"name": "03_12",
			"type": "vga",
			"resolution": [640,480],
			"panel": 3,
			"node": 12,
			"K": [
				[746.352,0,372.601],
				[0,746.221,240.493],
				[0,0,1]
			],
			"distCoef": [-0.328742,0.0945675,0.00167579,0.00012753,0.0179532],
			"R": [
				[0.7900453323,0.01460696967,-0.6128743831],
				[-0.2762776671,0.9009245673,-0.3346723393],
				[0.5472650397,0.4337298242,0.7158068286]
			],
			"t": [
				[-9.584708794],
				[165.2788136],
				[334.7942701]
			]
		},
		{
			"name": "03_13",
			"type": "vga",
			"resolution": [640,480],
			"panel": 3,
			"node": 13,
			"K": [
				[747.036,0,356.679],
				[0,747.093,221.981],
				[0,0,1]
			],
			"distCoef": [-0.321092,0.0359514,-0.000818424,-0.000175788,0.0642429],
			"R": [
				[0.7814442126,0.003248235036,-0.623966659],
				[-0.2577748152,0.9123461048,-0.3180828976],
				[0.5682403429,0.4094069297,0.7137848966]
			],
			"t": [
				[-28.61906354],
				[157.3257654],
				[328.3906608]
			]
		},
		{
			"name": "03_14",
			"type": "vga",
			"resolution": [640,480],
			"panel": 3,
			"node": 14,
			"K": [
				[745.132,0,367.702],
				[0,745.359,234.067],
				[0,0,1]
			],
			"distCoef": [-0.327277,0.0687571,0.000501018,0.000280171,0.0576107],
			"R": [
				[0.7646414253,0.08726431802,-0.6385205004],
				[-0.3090755521,0.9190662931,-0.244518817],
				[0.5655049016,0.384320293,0.7297274276]
			],
			"t": [
				[-29.09327395],
				[177.8033561],
				[322.9460831]
			]
		},
		{
			"name": "03_15",
			"type": "vga",
			"resolution": [640,480],
			"panel": 3,
			"node": 15,
			"K": [
				[749.141,0,380.22],
				[0,749.039,236.007],
				[0,0,1]
			],
			"distCoef": [-0.348442,0.182268,0.000632138,0.000559147,-0.099334],
			"R": [
				[0.842909516,0.09524970118,-0.5295574022],
				[-0.268288041,0.9275305205,-0.2602088787],
				[0.466395835,0.361406458,0.8073786579]
			],
			"t": [
				[-7.571935264],
				[164.3311008],
				[323.3509266]
			]
		},
		{
			"name": "03_16",
			"type": "vga",
			"resolution": [640,480],
			"panel": 3,
			"node": 16,
			"K": [
				[746.177,0,371.593],
				[0,746.259,216.155],
				[0,0,1]
			],
			"distCoef": [-0.329815,0.0822073,-0.000924491,0.000187219,0.0262546],
			"R": [
				[0.7754777824,0.08053702264,-0.6262172123],
				[-0.2814854509,0.9319066159,-0.2287269117],
				[0.5651549786,0.3536436726,0.7453428761]
			],
			"t": [
				[-40.62613083],
				[150.418012],
				[318.0386807]
			]
		},
		{
			"name": "03_17",
			"type": "vga",
			"resolution": [640,480],
			"panel": 3,
			"node": 17,
			"K": [
				[745.143,0,386.473],
				[0,745.031,243.602],
				[0,0,1]
			],
			"distCoef": [-0.311894,-0.0238839,-0.000824468,3.52631e-05,0.196836],
			"R": [
				[0.7996920888,0.1399296535,-0.5838769179],
				[-0.3091541446,0.9296061451,-0.2006393031],
				[0.5147001827,0.3409576324,0.7866585122]
			],
			"t": [
				[-28.01853127],
				[138.8181958],
				[319.6507868]
			]
		},
		{
			"name": "03_18",
			"type": "vga",
			"resolution": [640,480],
			"panel": 3,
			"node": 18,
			"K": [
				[748.519,0,390.114],
				[0,748.4,245.412],
				[0,0,1]
			],
			"distCoef": [-0.353071,0.193592,-0.000449357,-0.000438528,-0.114767],
			"R": [
				[0.7802301316,0.1433767662,-0.6088382746],
				[-0.3500501563,0.9067597981,-0.2350564968],
				[0.5183684306,0.3965220946,0.757670376]
			],
			"t": [
				[-38.58803149],
				[100.7072196],
				[325.8264062]
			]
		},
		{
			"name": "03_19",
			"type": "vga",
			"resolution": [640,480],
			"panel": 3,
			"node": 19,
			"K": [
				[745.097,0,380.841],
				[0,745.034,232.862],
				[0,0,1]
			],
			"distCoef": [-0.329704,0.0868654,0.000377022,0.000296642,0.0441386],
			"R": [
				[0.8097876195,0.09644714201,-0.5787417042],
				[-0.271622615,0.935952771,-0.2240838357],
				[0.5200626562,0.338659651,0.7841201913]
			],
			"t": [
				[-2.433629359],
				[125.4649429],
				[319.5227283]
			]
		},
		{
			"name": "03_20",
			"type": "vga",
			"resolution": [640,480],
			"panel": 3,
			"node": 20,
			"K": [
				[747.763,0,356.386],
				[0,747.687,215.241],
				[0,0,1]
			],
			"distCoef": [-0.345686,0.163898,1.00434e-05,-0.000804637,-0.100488],
			"R": [
				[0.8689051202,0.003548601978,-0.494965958],
				[-0.1832430981,0.9312327325,-0.3150040712],
				[0.4598106775,0.3644077459,0.8098031462]
			],
			"t": [
				[23.61997202],
				[110.7195117],
				[322.0500936]
			]
		},
		{
			"name": "03_21",
			"type": "vga",
			"resolution": [640,480],
			"panel": 3,
			"node": 21,
			"K": [
				[746.075,0,370.619],
				[0,746.33,251.072],
				[0,0,1]
			],
			"distCoef": [-0.315019,-0.00497062,-0.000748887,-2.93596e-05,0.181563],
			"R": [
				[0.8521644957,-0.01551489933,-0.5230439372],
				[-0.1569108064,0.9459862097,-0.2837059919],
				[0.4991940216,0.3238354195,0.8037014059]
			],
			"t": [
				[25.20355258],
				[139.9270608],
				[316.3148765]
			]
		},
		{
			"name": "03_22",
			"type": "vga",
			"resolution": [640,480],
			"panel": 3,
			"node": 22,
			"K": [
				[752.246,0,363.402],
				[0,752.231,224.872],
				[0,0,1]
			],
			"distCoef": [-0.370078,0.269878,-0.000204426,-0.00162796,-0.252946],
			"R": [
				[0.8225621823,-0.01333059947,-0.5685189103],
				[-0.2611472929,0.8792234852,-0.3984572178],
				[0.5051668513,0.476223013,0.7197347388]
			],
			"t": [
				[7.056384001],
				[104.9987176],
				[338.2443163]
			]
		},
		{
			"name": "03_23",
			"type": "vga",
			"resolution": [640,480],
			"panel": 3,
			"node": 23,
			"K": [
				[745.898,0,366.28],
				[0,745.761,235.521],
				[0,0,1]
			],
			"distCoef": [-0.335631,0.10362,0.000712302,-0.000903496,-0.00193785],
			"R": [
				[0.8233349617,0.02582868379,-0.5669677416],
				[-0.2569705444,0.9076697302,-0.3318159132],
				[0.5060490887,0.4188896514,0.7539534334]
			],
			"t": [
				[-2.677001264],
				[132.8041997],
				[330.6474411]
			]
		},
		{
			"name": "03_24",
			"type": "vga",
			"resolution": [640,480],
			"panel": 3,
			"node": 24,
			"K": [
				[747.525,0,372.4],
				[0,747.794,224.426],
				[0,0,1]
			],
			"distCoef": [-0.341481,0.147206,9.24122e-05,0.000978896,-0.0637561],
			"R": [
				[0.8565293159,0.02950662104,-0.5152541996],
				[-0.2220899016,0.922270616,-0.3163747565],
				[0.465868658,0.3854170082,0.7965049424]
			],
			"t": [
				[0.4127194628],
				[128.486477],
				[325.9911138]
			]
		},
		{
			"name": "04_01",
			"type": "vga",
			"resolution": [640,480],
			"panel": 4,
			"node": 1,
			"K": [
				[746.699,0,368.963],
				[0,746.78,246.385],
				[0,0,1]
			],
			"distCoef": [-0.337441,0.119986,-0.00044236,0.000750693,-0.0114287],
			"R": [
				[0.04414469129,-0.06095094093,-0.9971640933],
				[-0.08515304505,0.9942751219,-0.06454410015],
				[0.9953894741,0.08776083834,0.0387018101]
			],
			"t": [
				[-60.21703852],
				[136.0512251],
				[282.5561712]
			]
		},
		{
			"name": "04_02",
			"type": "vga",
			"resolution": [640,480],
			"panel": 4,
			"node": 2,
			"K": [
				[746.016,0,383.087],
				[0,745.909,224.583],
				[0,0,1]
			],
			"distCoef": [-0.329516,0.0782332,-0.000741398,-0.000195326,0.0420722],
			"R": [
				[0.1083230502,-0.01834156027,-0.9939465297],
				[-0.01046168493,0.9997533845,-0.01958885916],
				[0.9940606973,0.0125202804,0.1081044524]
			],
			"t": [
				[-54.37048299],
				[148.5083389],
				[274.9975175]
			]
		},
		{
			"name": "04_03",
			"type": "vga",
			"resolution": [640,480],
			"panel": 4,
			"node": 3,
			"K": [
				[743.385,0,377.981],
				[0,743.011,259.705],
				[0,0,1]
			],
			"distCoef": [-0.318193,-0.0036472,0.000328881,0.00110474,0.186182],
			"R": [
				[0.06955270663,0.04133106784,-0.9967217083],
				[-0.08664989229,0.995615405,0.03523863584],
				[0.9938079378,0.08391488616,0.07282907876]
			],
			"t": [
				[-50.6712797],
				[111.0130167],
				[282.2744516]
			]
		},
		{
			"name": "04_04",
			"type": "vga",
			"resolution": [640,480],
			"panel": 4,
			"node": 4,
			"K": [
				[744.245,0,395.379],
				[0,744.114,224.526],
				[0,0,1]
			],
			"distCoef": [-0.314973,-0.0123132,-0.000844053,0.00023756,0.178372],
			"R": [
				[0.09155134204,0.05679594201,-0.9941793464],
				[-0.03878379864,0.9978180217,0.0534323167],
				[0.9950448074,0.03366625128,0.09355434138]
			],
			"t": [
				[-22.88632478],
				[117.4035428],
				[277.7107393]
			]
		},
		{
			"name": "04_05",
			"type": "vga",
			"resolution": [640,480],
			"panel": 4,
			"node": 5,
			"K": [
				[747.066,0,367.312],
				[0,747.273,258.728],
				[0,0,1]
			],
			"distCoef": [-0.342599,0.140121,0.000750509,0.000224955,-0.0261673],
			"R": [
				[0.1316386624,0.01111085377,-0.9912354975],
				[-0.04889072118,0.9987930624,0.0047027518],
				[0.9900913897,0.04784315438,0.1320230004]
			],
			"t": [
				[-13.41257787],
				[90.80752072],
				[280.188538]
			]
		},
		{
			"name": "04_06",
			"type": "vga",
			"resolution": [640,480],
			"panel": 4,
			"node": 6,
			"K": [
				[746.175,0,362.815],
				[0,746.399,224.739],
				[0,0,1]
			],
			"distCoef": [-0.3211,0.0326357,-0.00021347,0.00145594,0.118017],
			"R": [
				[0.09538867865,0.09481791207,-0.9909140041],
				[-0.08620553602,0.9925002257,0.08667126168],
				[0.9917003608,0.07715481574,0.102847114]
			],
			"t": [
				[5.283574023],
				[75.62460813],
				[281.8979178]
			]
		},
		{
			"name": "04_07",
			"type": "vga",
			"resolution": [640,480],
			"panel": 4,
			"node": 7,
			"K": [
				[745.271,0,375.571],
				[0,745.228,218.318],
				[0,0,1]
			],
			"distCoef": [-0.311261,-0.0235435,-0.00103759,-0.00017163,0.193497],
			"R": [
				[0.08279226188,-0.05861539693,-0.9948415334],
				[-0.03788353885,0.9973621047,-0.06191663441],
				[0.9958465137,0.04281433609,0.0803533059]
			],
			"t": [
				[2.734928592],
				[99.36826259],
				[279.0460043]
			]
		},
		{
			"name": "04_08",
			"type": "vga",
			"resolution": [640,480],
			"panel": 4,
			"node": 8,
			"K": [
				[745.446,0,366.057],
				[0,745.465,236.795],
				[0,0,1]
			],
			"distCoef": [-0.325741,0.0576626,0.000361667,-0.000490321,0.0788955],
			"R": [
				[0.1050742643,-0.02067662127,-0.9942494035],
				[-0.04565852182,0.9986292096,-0.0255929885],
				[0.9934156725,0.04808512252,0.1039861655]
			],
			"t": [
				[34.17779226],
				[92.50487645],
				[278.9763009]
			]
		},
		{
			"name": "04_09",
			"type": "vga",
			"resolution": [640,480],
			"panel": 4,
			"node": 9,
			"K": [
				[746.908,0,355.345],
				[0,746.861,217.814],
				[0,0,1]
			],
			"distCoef": [-0.346775,0.183221,-0.000825371,-8.90282e-05,-0.123589],
			"R": [
				[0.09264794555,0.01270129329,-0.9956179163],
				[-0.04312484338,0.9990315326,0.008731827963],
				[0.9947645983,0.04212688079,0.09310596031]
			],
			"t": [
				[50.43859261],
				[107.4810752],
				[278.6197589]
			]
		},
		{
			"name": "04_10",
			"type": "vga",
			"resolution": [640,480],
			"panel": 4,
			"node": 10,
			"K": [
				[743.877,0,374.208],
				[0,743.824,210.068],
				[0,0,1]
			],
			"distCoef": [-0.318647,0.00911817,-0.00160923,-8.29084e-05,0.147795],
			"R": [
				[0.07359463847,-0.02069959904,-0.9970733954],
				[-0.05516614342,0.9981692964,-0.02479419941],
				[0.9957612795,0.05682941408,0.07231799145]
			],
			"t": [
				[36.05381899],
				[125.952571],
				[280.7931535]
			]
		},
		{
			"name": "04_11",
			"type": "vga",
			"resolution": [640,480],
			"panel": 4,
			"node": 11,
			"K": [
				[743.428,0,379.097],
				[0,743.43,231.545],
				[0,0,1]
			],
			"distCoef": [-0.317912,0.0238819,3.63439e-05,-0.000261376,0.110514],
			"R": [
